290 -2450 14801
290 -2430 14801
290 -2409 14801
290 -2388 14801
290 -2368 14801
291 -2352 14832
291 -2331 14832
291 -2311 14832
291 -2295 14863
291 -2274 14863
291 -2253 14863
292 -2237 14894
292 -2221 14925
292 -2201 14925
292 -2180 14925
293 -2164 14957
293 -2143 14957
294 -2127 14989
326 -2484 14761
326 -2463 14761
326 -2443 14761
326 -2422 14761
327 -2407 14792
327 -2386 14792
327 -2365 14792
327 -2345 14792
327 -2324 14792
327 -2308 14823
327 -2288 14823
327 -2267 14823
327 -2247 14823
328 -2231 14854
329 -2215 14885
329 -2194 14885
329 -2173 14885
329 -2157 14916
329 -2136 14916
330 -2120 14948
331 -2104 14980
331 -2083 14980
331 -2067 15011
331 -2042 14980
330 -2017 14948
329 -1967 14885
362 -2873 14752
362 -2853 14752
362 -2826 14721
362 -2811 14752
362 -2785 14721
363 -2776 14783
363 -2755 14783
362 -2667 14752
362 -2646 14752
362 -2626 14752
362 -2605 14752
362 -2585 14752
362 -2564 14752
362 -2543 14752
362 -2523 14752
362 -2502 14752
362 -2482 14752
362 -2461 14752
362 -2441 14752
362 -2420 14752
362 -2399 14752
362 -2379 14752
362 -2358 14752
362 -2338 14752
363 -2322 14783
363 -2302 14783
363 -2281 14783
363 -2261 14783
364 -2245 14814
364 -2224 14814
365 -2208 14845
365 -2187 14845
365 -2167 14845
365 -2151 14876
365 -2130 14876
366 -2114 14907
367 -2097 14939
367 -2077 14939
368 -2060 14970
369 -2044 15002
369 -2027 15034
364 -1978 14814
364 -1957 14814
400 -2897 14774
399 -2871 14743
399 -2850 14743
398 -2824 14712
399 -2809 14743
399 -2788 14743
400 -2773 14774
400 -2752 14774
399 -2726 14743
400 -2711 14774
399 -2685 14743
399 -2664 14743
399 -2644 14743
399 -2623 14743
399 -2603 14743
399 -2582 14743
398 -2556 14712
398 -2536 14712
398 -2515 14712
398 -2495 14712
398 -2474 14712
398 -2454 14712
398 -2433 14712
398 -2413 14712
398 -2392 14712
399 -2377 14743
399 -2356 14743
399 -2336 14743
399 -2315 14743
399 -2295 14743
399 -2274 14743
400 -2258 14774
400 -2238 14774
400 -2217 14774
401 -2201 14804
401 -2181 14804
401 -2160 14804
401 -2144 14835
401 -2124 14835
402 -2107 14867
402 -2087 14867
403 -2071 14898
404 -2054 14929
405 -2038 14961
406 -2021 14993
399 -1968 14743
399 -1947 14743
436 -2915 14764
436 -2895 14764
435 -2868 14734
435 -2847 14734
435 -2827 14734
436 -2812 14764
436 -2791 14764
436 -2771 14764
436 -2750 14764
435 -2724 14734
436 -2709 14764
435 -2683 14734
435 -2662 14734
435 -2641 14734
435 -2621 14734
434 -2595 14703
434 -2574 14703
434 -2554 14703
434 -2533 14703
434 -2513 14703
434 -2492 14703
434 -2472 14703
434 -2452 14703
434 -2431 14703
434 -2411 14703
434 -2390 14703
434 -2370 14703
434 -2349 14703
434 -2329 14703
434 -2308 14703
435 -2293 14734
435 -2272 14734
435 -2252 14734
435 -2231 14734
436 -2215 14764
436 -2195 14764
436 -2174 14764
436 -2154 14764
437 -2138 14795
437 -2117 14795
438 -2101 14826
438 -2081 14826
438 -2060 14826
437 -2035 14795
438 -2019 14826
439 -2003 14857
433 -1954 14642
434 -1938 14672
473 -2954 14755
473 -2933 14755
473 -2912 14755
472 -2886 14724
472 -2865 14724
472 -2845 14724
473 -2830 14755
473 -2809 14755
473 -2789 14755
473 -2768 14755
473 -2747 14755
472 -2721 14724
473 -2706 14755
472 -2680 14724
472 -2659 14724
472 -2639 14724
471 -2613 14694
471 -2593 14694
471 -2572 14694
470 -2546 14663
470 -2526 14663
470 -2505 14663
470 -2485 14663
470 -2465 14663
470 -2444 14663
470 -2424 14663
470 -2403 14663
470 -2383 14663
470 -2363 14663
470 -2342 14663
470 -2322 14663
470 -2302 14663
470 -2281 14663
470 -2261 14663
470 -2240 14663
470 -2220 14663
471 -2204 14694
471 -2184 14694
471 -2163 14694
471 -2143 14694
472 -2127 14724
472 -2107 14724
471 -2082 14694
471 -2062 14694
472 -2046 14724
470 -2017 14663
471 -2001 14694
471 -1980 14694
467 -1944 14573
468 -1928 14603
507 -2939 14684
508 -2924 14715
509 -2910 14745
508 -2883 14715
509 -2868 14745
509 -2848 14745
509 -2827 14745
510 -2812 14776
509 -2786 14745
509 -2765 14745
509 -2745 14745
509 -2724 14745
509 -2703 14745
508 -2677 14715
508 -2657 14715
508 -2636 14715
507 -2611 14684
507 -2590 14684
507 -2570 14684
506 -2544 14654
506 -2524 14654
506 -2503 14654
506 -2483 14654
505 -2457 14624
505 -2437 14624
505 -2417 14624
505 -2396 14624
505 -2376 14624
505 -2356 14624
502 -2321 14534
502 -2301 14534
502 -2281 14534
502 -2261 14534
502 -2240 14534
502 -2220 14534
502 -2200 14534
503 -2184 14563
503 -2164 14563
503 -2144 14563
503 -2124 14563
504 -2108 14593
504 -2088 14593
503 -2063 14563
503 -2043 14563
504 -2027 14593
503 -2003 14563
504 -1987 14593
504 -1967 14593
501 -1935 14504
502 -1918 14534
503 -1902 14563
497 -1860 14386
543 -2936 14675
545 -2922 14705
546 -2907 14736
546 -2886 14736
547 -2872 14767
547 -2851 14767
547 -2830 14767
547 -2810 14767
547 -2789 14767
546 -2763 14736
546 -2742 14736
546 -2721 14736
546 -2701 14736
545 -2675 14705
545 -2654 14705
545 -2634 14705
543 -2608 14675
543 -2588 14675
542 -2562 14644
542 -2542 14644
541 -2516 14614
539 -2486 14554
539 -2465 14554
539 -2445 14554
539 -2425 14554
538 -2400 14524
537 -2375 14495
537 -2355 14495
537 -2335 14495
535 -2305 14435
533 -2281 14406
533 -2261 14406
533 -2241 14406
533 -2221 14406
533 -2201 14406
533 -2181 14406
535 -2165 14435
535 -2145 14435
535 -2125 14435
535 -2105 14435
536 -2089 14465
536 -2069 14465
535 -2045 14435
536 -2029 14465
536 -2009 14465
536 -1989 14465
537 -1973 14495
537 -1953 14495
536 -1929 14465
536 -1909 14465
537 -1893 14495
537 -1873 14495
581 -2939 14696
582 -2925 14726
583 -2910 14757
583 -2889 14757
583 -2869 14757
583 -2848 14757
583 -2828 14757
583 -2807 14757
583 -2786 14757
582 -2760 14726
582 -2739 14726
582 -2719 14726
582 -2698 14726
581 -2672 14696
581 -2652 14696
581 -2631 14696
580 -2606 14665
578 -2580 14635
578 -2559 14635
577 -2534 14605
577 -2514 14605
571 -2468 14456
571 -2448 14456
570 -2423 14426
571 -2408 14456
569 -2378 14397
569 -2358 14397
568 -2334 14368
568 -2314 14368
567 -2289 14339
566 -2265 14310
566 -2245 14310
566 -2225 14310
566 -2205 14310
566 -2185 14310
566 -2166 14310
567 -2150 14339
567 -2130 14339
567 -2110 14339
567 -2090 14339
568 -2075 14368
568 -2055 14368
568 -2035 14368
569 -2019 14397
569 -1999 14397
569 -1979 14397
569 -1959 14397
570 -1943 14426
570 -1923 14426
570 -1903 14426
571 -1887 14456
571 -1867 14456
572 -1851 14485
574 -1835 14515
574 -1815 14515
575 -1798 14545
618 -2943 14716
620 -2928 14747
621 -2913 14778
621 -2893 14778
621 -2872 14778
621 -2851 14778
620 -2825 14747
620 -2804 14747
620 -2784 14747
620 -2763 14747
618 -2737 14716
618 -2716 14716
618 -2696 14716
618 -2675 14716
617 -2649 14686
617 -2629 14686
616 -2603 14655
615 -2577 14625
613 -2552 14595
609 -2516 14505
607 -2486 14446
605 -2456 14388
603 -2431 14358
603 -2411 14358
603 -2391 14358
602 -2367 14329
601 -2342 14300
600 -2318 14272
600 -2298 14272
600 -2278 14272
598 -2254 14243
598 -2234 14243
598 -2214 14243
598 -2195 14243
598 -2175 14243
598 -2155 14243
600 -2139 14272
600 -2120 14272
601 -2104 14300
601 -2084 14300
601 -2064 14300
602 -2049 14329
602 -2029 14329
602 -2009 14329
603 -1993 14358
603 -1973 14358
603 -1954 14358
605 -1938 14388
605 -1918 14388
605 -1898 14388
606 -1882 14417
606 -1862 14417
606 -1842 14417
607 -1826 14446
608 -1809 14476
608 -1789 14476
609 -1773 14505
609 -1753 14505
656 -2946 14737
657 -2931 14768
659 -2916 14798
659 -2896 14798
659 -2875 14798
659 -2854 14798
657 -2828 14768
656 -2801 14737
656 -2781 14737
656 -2760 14737
656 -2740 14737
655 -2714 14706
656 -2699 14737
655 -2673 14706
653 -2647 14676
653 -2626 14676
652 -2601 14646
651 -2575 14615
649 -2549 14585
643 -2504 14437
640 -2474 14378
639 -2449 14349
636 -2419 14291
636 -2400 14291
635 -2375 14262
635 -2355 14262
634 -2331 14234
632 -2306 14205
632 -2287 14205
632 -2267 14205
632 -2247 14205
632 -2228 14205
632 -2208 14205
632 -2188 14205
632 -2168 14205
632 -2149 14205
634 -2133 14234
634 -2114 14234
635 -2098 14262
635 -2078 14262
635 -2058 14262
636 -2043 14291
636 -2023 14291
636 -2003 14291
637 -1987 14320
637 -1968 14320
637 -1948 14320
637 -1928 14320
639 -1912 14349
639 -1892 14349
639 -1872 14349
640 -1856 14378
640 -1837 14378
641 -1820 14407
641 -1800 14407
643 -1784 14437
643 -1764 14437
644 -1748 14466
644 -1728 14466
645 -1712 14496
647 -1695 14525
649 -1682 14585
653 -1531 14676
653 -1511 14676
695 -2955 14788
695 -2934 14788
697 -2920 14819
697 -2899 14819
695 -2872 14788
695 -2852 14788
694 -2825 14757
694 -2805 14757
694 -2784 14757
692 -2758 14727
692 -2737 14727
692 -2717 14727
692 -2696 14727
691 -2670 14696
689 -2644 14666
688 -2618 14636
688 -2598 14636
687 -2572 14605
685 -2547 14575
678 -2501 14427
674 -2467 14339
671 -2437 14282
669 -2408 14224
669 -2388 14224
667 -2363 14196
667 -2344 14196
666 -2319 14167
665 -2295 14139
665 -2276 14139
665 -2256 14139
665 -2236 14139
666 -2221 14167
666 -2201 14167
666 -2182 14167
666 -2162 14167
667 -2147 14196
667 -2127 14196
667 -2107 14196
669 -2092 14224
669 -2072 14224
669 -2052 14224
670 -2037 14253
670 -2017 14253
670 -1997 14253
671 -1982 14282
671 -1962 14282
671 -1942 14282
671 -1922 14282
673 -1906 14311
673 -1887 14311
673 -1867 14311
673 -1847 14311
674 -1831 14339
674 -1811 14339
675 -1795 14369
677 -1779 14398
677 -1759 14398
678 -1743 14427
678 -1723 14427
680 -1706 14456
681 -1690 14486
682 -1673 14516
682 -1653 14516
684 -1637 14546
692 -1576 14727
689 -1549 14666
691 -1532 14696
691 -1512 14696
692 -1495 14727
733 -2958 14809
735 -2943 14840
735 -2923 14840
735 -2902 14840
733 -2875 14809
732 -2849 14778
732 -2828 14778
732 -2808 14778
730 -2781 14747
730 -2761 14747
729 -2734 14717
729 -2714 14717
729 -2693 14717
727 -2667 14686
726 -2642 14656
726 -2621 14656
724 -2596 14626
718 -2555 14506
715 -2524 14447
712 -2494 14388
707 -2455 14272
702 -2420 14186
701 -2396 14158
701 -2376 14158
700 -2352 14130
700 -2332 14130
700 -2313 14130
700 -2293 14130
698 -2269 14102
700 -2254 14130
700 -2234 14130
700 -2215 14130
700 -2195 14130
700 -2175 14130
701 -2160 14158
701 -2140 14158
702 -2125 14186
702 -2105 14186
702 -2086 14186
702 -2066 14186
704 -2051 14215
704 -2031 14215
704 -2011 14215
705 -1995 14243
705 -1976 14243
705 -1956 14243
707 -1940 14272
707 -1921 14272
707 -1901 14272
707 -1881 14272
707 -1862 14272
707 -1842 14272
708 -1826 14301
708 -1806 14301
709 -1790 14330
711 -1774 14359
711 -1754 14359
712 -1738 14388
712 -1718 14388
714 -1701 14417
714 -1682 14417
715 -1665 14447
717 -1649 14476
718 -1632 14506
720 -1615 14536
723 -1582 14595
726 -1568 14656
727 -1551 14686
727 -1531 14686
729 -1514 14717
729 -1494 14717
729 -1474 14717
773 -2905 14860
771 -2878 14829
770 -2852 14798
770 -2831 14798
770 -2811 14798
768 -2784 14767
768 -2764 14767
766 -2737 14737
765 -2711 14706
765 -2691 14706
765 -2670 14706
763 -2644 14676
762 -2619 14646
752 -2567 14466
749 -2537 14407
746 -2507 14349
740 -2467 14234
739 -2443 14205
736 -2413 14149
736 -2394 14149
736 -2374 14149
734 -2350 14120
734 -2330 14120
734 -2311 14120
734 -2291 14120
733 -2267 14092
734 -2252 14120
734 -2232 14120
734 -2213 14120
734 -2193 14120
734 -2173 14120
736 -2158 14149
736 -2138 14149
737 -2123 14177
737 -2103 14177
737 -2084 14177
737 -2064 14177
739 -2049 14205
739 -2029 14205
739 -2009 14205
740 -1994 14234
740 -1974 14234
740 -1954 14234
740 -1935 14234
740 -1915 14234
742 -1899 14263
742 -1879 14263
742 -1860 14263
742 -1840 14263
742 -1820 14263
742 -1801 14263
743 -1785 14291
745 -1768 14320
745 -1749 14320
746 -1732 14349
746 -1713 14349
748 -1696 14378
748 -1677 14378
749 -1660 14407
751 -1644 14437
752 -1627 14466
752 -1607 14466
755 -1594 14526
757 -1577 14555
759 -1560 14585
760 -1543 14615
760 -1523 14615
762 -1506 14646
765 -1492 14706
763 -1469 14676
763 -1449 14676
765 -1432 14706
806 -2849 14788
808 -2834 14819
808 -2814 14819
806 -2787 14788
804 -2761 14757
803 -2735 14726
803 -2714 14726
803 -2694 14726
801 -2668 14696
799 -2642 14665
799 -2621 14665
783 -2549 14368
780 -2519 14310
777 -2490 14253
774 -2460 14196
772 -2435 14167
771 -2411 14139
771 -2391 14139
771 -2372 14139
769 -2347 14111
769 -2328 14111
769 -2308 14111
768 -2284 14083
768 -2265 14083
768 -2245 14083
768 -2226 14083
768 -2206 14083
769 -2191 14111
769 -2171 14111
769 -2152 14111
771 -2136 14139
771 -2117 14139
771 -2097 14139
771 -2078 14139
772 -2062 14167
774 -2047 14196
772 -2023 14167
774 -2007 14196
774 -1988 14196
774 -1968 14196
775 -1952 14224
775 -1933 14224
775 -1913 14224
775 -1894 14224
775 -1874 14224
775 -1854 14224
775 -1835 14224
777 -1819 14253
777 -1799 14253
777 -1779 14253
778 -1763 14281
778 -1744 14281
780 -1727 14310
780 -1708 14310
782 -1691 14339
782 -1672 14339
782 -1652 14339
783 -1636 14368
785 -1619 14397
786 -1602 14427
788 -1586 14456
790 -1569 14486
791 -1552 14515
793 -1536 14545
793 -1516 14545
794 -1499 14575
798 -1485 14635
798 -1465 14635
798 -1445 14635
799 -1428 14665
846 -2837 14839
846 -2817 14839
842 -2784 14777
842 -2764 14777
841 -2738 14746
841 -2717 14746
839 -2691 14716
837 -2665 14685
837 -2645 14685
834 -2614 14625
814 -2532 14272
812 -2507 14243
809 -2477 14186
807 -2453 14158
806 -2428 14129
806 -2409 14129
806 -2389 14129
806 -2369 14129
804 -2345 14101
804 -2326 14101
804 -2306 14101
802 -2282 14073
802 -2263 14073
802 -2243 14073
802 -2224 14073
802 -2204 14073
802 -2185 14073
804 -2169 14101
804 -2150 14101
804 -2130 14101
806 -2115 14129
806 -2095 14129
806 -2076 14129
806 -2056 14129
807 -2041 14158
807 -2021 14158
807 -2002 14158
807 -1982 14158
809 -1966 14186
809 -1947 14186
809 -1927 14186
809 -1908 14186
810 -1892 14214
810 -1872 14214
810 -1853 14214
810 -1833 14214
810 -1813 14214
810 -1794 14214
810 -1774 14214
812 -1758 14243
812 -1739 14243
814 -1722 14272
814 -1703 14272
814 -1683 14272
815 -1667 14300
815 -1647 14300
817 -1631 14329
817 -1611 14329
819 -1595 14358
820 -1578 14387
822 -1561 14417
824 -1545 14446
825 -1528 14475
827 -1511 14505
829 -1494 14535
830 -1477 14565
832 -1460 14595
832 -1440 14595
835 -1426 14655
835 -1406 14655
839 -1332 14716
884 -2820 14859
881 -2787 14797
881 -2767 14797
879 -2741 14766
877 -2714 14735
875 -2688 14705
875 -2668 14705
873 -2642 14675
868 -2606 14584
847 -2524 14233
847 -2505 14233
844 -2475 14176
844 -2455 14176
840 -2426 14120
840 -2406 14120
840 -2387 14120
840 -2367 14120
839 -2343 14092
839 -2323 14092
839 -2304 14092
837 -2280 14064
837 -2260 14064
837 -2241 14064
837 -2221 14064
837 -2202 14064
837 -2182 14064
839 -2167 14092
839 -2148 14092
839 -2128 14092
839 -2109 14092
839 -2089 14092
839 -2070 14092
839 -2050 14092
840 -2035 14120
840 -2015 14120
840 -1996 14120
842 -1980 14148
842 -1961 14148
842 -1941 14148
844 -1925 14176
844 -1906 14176
844 -1886 14176
844 -1867 14176
844 -1847 14176
844 -1828 14176
844 -1808 14176
844 -1789 14176
845 -1773 14204
845 -1753 14204
845 -1733 14204
847 -1717 14233
847 -1698 14233
849 -1681 14262
849 -1662 14262
849 -1642 14262
849 -1623 14262
850 -1606 14290
852 -1590 14319
852 -1570 14319
854 -1554 14348
856 -1537 14377
857 -1520 14406
859 -1504 14436
861 -1487 14465
863 -1470 14495
864 -1453 14524
864 -1433 14524
870 -1422 14614
872 -1405 14644
872 -1385 14644
873 -1368 14675
875 -1350 14705
872 -1325 14644
864 -1294 14524
923 -2823 14879
921 -2796 14848
919 -2770 14817
917 -2743 14786
915 -2717 14755
913 -2691 14725
908 -2655 14633
909 -2640 14664
898 -2588 14484
882 -2522 14223
882 -2502 14223
879 -2473 14166
877 -2448 14138
877 -2428 14138
875 -2404 14110
875 -2385 14110
873 -2360 14082
873 -2341 14082
873 -2321 14082
872 -2297 14054
872 -2278 14054
872 -2258 14054
872 -2239 14054
872 -2219 14054
872 -2200 14054
872 -2180 14054
872 -2161 14054
872 -2141 14054
873 -2126 14082
873 -2107 14082
873 -2087 14082
873 -2068 14082
873 -2048 14082
873 -2029 14082
875 -2013 14110
875 -1994 14110
875 -1974 14110
877 -1959 14138
877 -1939 14138
879 -1923 14166
877 -1900 14138
879 -1884 14166
879 -1865 14166
879 -1845 14166
879 -1826 14166
879 -1806 14166
879 -1787 14166
879 -1767 14166
880 -1751 14194
880 -1732 14194
880 -1712 14194
880 -1693 14194
880 -1673 14194
882 -1657 14223
882 -1637 14223
882 -1618 14223
884 -1602 14251
884 -1582 14251
886 -1566 14280
887 -1549 14309
887 -1530 14309
889 -1513 14338
891 -1496 14367
893 -1480 14396
895 -1463 14425
896 -1446 14455
898 -1429 14484
902 -1415 14544
904 -1398 14573
904 -1378 14573
908 -1364 14633
909 -1346 14664
906 -1321 14603
880 -1265 14194
882 -1248 14223
887 -1236 14309
889 -1219 14338
896 -1209 14455
896 -1189 14455
957 -2773 14837
955 -2746 14806
951 -2715 14744
949 -2689 14714
940 -2641 14563
938 -2616 14533
926 -2564 14356
919 -2524 14241
917 -2500 14213
915 -2475 14184
913 -2451 14156
912 -2426 14128
912 -2406 14128
910 -2382 14100
910 -2363 14100
908 -2339 14072
908 -2319 14072
908 -2299 14072
906 -2276 14044
906 -2256 14044
906 -2237 14044
906 -2217 14044
906 -2198 14044
906 -2178 14044
906 -2159 14044
906 -2139 14044
906 -2120 14044
906 -2101 14044
906 -2081 14044
906 -2062 14044
906 -2042 14044
906 -2023 14044
908 -2007 14072
908 -1988 14072
908 -1969 14072
910 -1953 14100
910 -1933 14100
912 -1918 14128
912 -1898 14128
912 -1879 14128
912 -1859 14128
912 -1840 14128
912 -1820 14128
913 -1805 14156
913 -1785 14156
913 -1766 14156
913 -1746 14156
913 -1727 14156
913 -1707 14156
913 -1688 14156
915 -1672 14184
915 -1652 14184
915 -1633 14184
915 -1613 14184
917 -1597 14213
917 -1577 14213
919 -1561 14241
921 -1545 14270
921 -1525 14270
923 -1508 14299
923 -1489 14299
924 -1472 14327
926 -1455 14356
928 -1439 14386
930 -1422 14415
934 -1408 14474
936 -1391 14503
938 -1374 14533
942 -1359 14593
943 -1342 14623
942 -1320 14593
921 -1271 14270
915 -1245 14184
919 -1230 14241
921 -1213 14270
967 -2597 14433
958 -2552 14288
956 -2527 14259
954 -2502 14231
952 -2478 14202
950 -2453 14174
948 -2429 14146
946 -2404 14118
946 -2385 14118
946 -2365 14118
944 -2341 14090
944 -2321 14090
943 -2297 14062
943 -2278 14062
943 -2258 14062
943 -2239 14062
943 -2219 14062
941 -2196 14034
941 -2176 14034
941 -2157 14034
941 -2137 14034
939 -2114 14006
939 -2094 14006
939 -2075 14006
939 -2056 14006
941 -2040 14034
939 -2017 14006
941 -2002 14034
943 -1986 14062
943 -1967 14062
943 -1947 14062
943 -1928 14062
944 -1912 14090
944 -1893 14090
946 -1877 14118
946 -1858 14118
946 -1838 14118
946 -1819 14118
948 -1803 14146
948 -1783 14146
948 -1764 14146
948 -1744 14146
948 -1725 14146
948 -1706 14146
948 -1686 14146
950 -1670 14174
950 -1651 14174
950 -1631 14174
950 -1612 14174
952 -1595 14202
952 -1576 14202
954 -1559 14231
954 -1540 14231
954 -1521 14231
956 -1504 14259
958 -1487 14288
960 -1471 14317
962 -1454 14346
964 -1437 14375
965 -1421 14404
965 -1401 14404
969 -1387 14463
971 -1370 14492
975 -1355 14552
977 -1338 14582
977 -1318 14582
964 -1280 14375
948 -1241 14146
950 -1224 14174
952 -1207 14202
1003 -2595 14423
993 -2549 14278
993 -2529 14278
991 -2505 14249
989 -2480 14220
987 -2455 14192
985 -2431 14164
983 -2407 14135
983 -2387 14135
983 -2367 14135
981 -2343 14107
981 -2324 14107
979 -2300 14079
979 -2280 14079
979 -2260 14079
977 -2237 14052
977 -2217 14052
977 -2198 14052
975 -2174 14024
975 -2155 14024
973 -2131 13996
973 -2112 13996
973 -2092 13996
975 -2077 14024
975 -2058 14024
975 -2038 14024
973 -2015 13996
975 -2000 14024
977 -1984 14052
977 -1965 14052
977 -1945 14052
977 -1926 14052
979 -1910 14079
979 -1891 14079
981 -1875 14107
981 -1856 14107
981 -1836 14107
981 -1817 14107
983 -1801 14135
983 -1782 14135
983 -1762 14135
983 -1743 14135
983 -1723 14135
983 -1704 14135
983 -1685 14135
985 -1668 14164
985 -1649 14164
985 -1630 14164
985 -1610 14164
987 -1594 14192
987 -1574 14192
989 -1558 14220
989 -1539 14220
989 -1519 14220
991 -1503 14249
993 -1486 14278
995 -1469 14306
997 -1453 14335
999 -1436 14364
1001 -1419 14393
1001 -1399 14393
1003 -1383 14423
1005 -1366 14452
1009 -1351 14511
1009 -1331 14511
1011 -1314 14541
1015 -1300 14601
993 -1252 14278
995 -1235 14306
997 -1218 14335
1036 -2587 14383
1030 -2552 14296
1028 -2527 14267
1028 -2507 14267
1024 -2478 14210
1022 -2453 14181
1020 -2429 14153
1020 -2409 14153
1018 -2385 14125
1018 -2365 14125
1016 -2341 14097
1016 -2321 14097
1016 -2302 14097
1016 -2282 14097
1014 -2258 14069
1012 -2234 14041
1012 -2215 14041
1012 -2196 14041
1010 -2172 14014
1010 -2153 14014
1008 -2129 13986
1008 -2110 13986
1008 -2090 13986
1010 -2075 14014
1008 -2052 13986
1010 -2036 14014
1008 -2013 13986
1010 -1998 14014
1010 -1978 14014
1012 -1963 14041
1010 -1940 14014
1012 -1924 14041
1012 -1905 14041
1012 -1885 14041
1014 -1870 14069
1014 -1850 14069
1016 -1835 14097
1016 -1815 14097
1018 -1799 14125
1018 -1780 14125
1018 -1760 14125
1018 -1741 14125
1018 -1722 14125
1018 -1702 14125
1018 -1683 14125
1018 -1664 14125
1020 -1647 14153
1020 -1628 14153
1020 -1609 14153
1020 -1589 14153
1022 -1573 14181
1022 -1553 14181
1024 -1537 14210
1024 -1518 14210
1026 -1501 14238
1028 -1485 14267
1028 -1465 14267
1030 -1448 14296
1032 -1432 14325
1034 -1415 14353
1034 -1395 14353
1038 -1381 14412
1038 -1362 14412
1042 -1347 14470
1042 -1327 14470
1047 -1313 14530
1049 -1296 14559
1049 -1276 14559
1053 -1261 14619
1055 -1244 14649
1071 -2585 14372
1067 -2554 14314
1063 -2525 14256
1063 -2505 14256
1061 -2480 14228
1059 -2455 14199
1056 -2431 14171
1056 -2411 14171
1054 -2387 14143
1054 -2367 14143
1052 -2343 14115
1052 -2324 14115
1050 -2300 14087
1048 -2276 14059
1048 -2256 14059
1046 -2232 14031
1046 -2213 14031
1044 -2189 14003
1044 -2170 14003
1044 -2150 14003
1042 -2127 13976
1042 -2108 13976
1042 -2088 13976
1044 -2073 14003
1044 -2054 14003
1044 -2034 14003
1044 -2015 14003
1044 -1996 14003
1044 -1976 14003
1044 -1957 14003
1044 -1938 14003
1044 -1919 14003
1046 -1903 14031
1046 -1884 14031
1048 -1868 14059
1048 -1849 14059
1050 -1833 14087
1050 -1813 14087
1052 -1798 14115
1052 -1778 14115
1052 -1759 14115
1052 -1739 14115
1052 -1720 14115
1052 -1701 14115
1052 -1681 14115
1052 -1662 14115
1054 -1646 14143
1054 -1626 14143
1054 -1607 14143
1054 -1588 14143
1056 -1571 14171
1056 -1552 14171
1056 -1532 14171
1059 -1516 14199
1061 -1500 14228
1061 -1480 14228
1063 -1464 14256
1065 -1447 14285
1067 -1430 14314
1069 -1413 14343
1069 -1394 14343
1071 -1377 14372
1074 -1360 14401
1076 -1343 14430
1076 -1324 14430
1078 -1306 14459
1080 -1289 14489
1082 -1272 14518
1087 -1257 14578
1089 -1240 14608
1076 -1206 14430
1107 -2582 14361
1102 -2552 14303
1098 -2522 14245
1098 -2502 14245
1096 -2478 14217
1093 -2453 14188
1093 -2433 14188
1091 -2409 14160
1089 -2385 14132
1089 -2365 14132
1087 -2341 14104
1087 -2321 14104
1085 -2297 14076
1085 -2278 14076
1083 -2254 14048
1080 -2230 14020
1080 -2211 14020
1078 -2187 13993
1078 -2168 13993
1078 -2148 13993
1076 -2125 13965
1078 -2110 13993
1076 -2086 13965
1078 -2071 13993
1078 -2052 13993
1076 -2028 13965
1076 -2009 13965
1076 -1990 13965
1078 -1975 13993
1078 -1955 13993
1078 -1936 13993
1078 -1917 13993
1080 -1901 14020
1080 -1882 14020
1083 -1866 14048
1083 -1847 14048
1085 -1831 14076
1085 -1812 14076
1087 -1796 14104
1087 -1776 14104
1087 -1757 14104
1087 -1738 14104
1087 -1718 14104
1087 -1699 14104
1087 -1680 14104
1087 -1660 14104
1089 -1644 14132
1089 -1625 14132
1089 -1605 14132
1089 -1586 14132
1091 -1570 14160
1091 -1550 14160
1091 -1531 14160
1093 -1515 14188
1096 -1498 14217
1096 -1479 14217
1098 -1462 14245
1100 -1446 14274
1102 -1429 14303
1104 -1412 14332
1104 -1393 14332
1107 -1376 14361
1107 -1356 14361
1109 -1339 14390
1109 -1320 14390
1111 -1303 14419
1113 -1285 14448
1116 -1268 14478
1118 -1251 14507
1122 -1236 14567
1125 -1219 14597
1142 -2579 14349
1137 -2549 14292
1133 -2520 14234
1133 -2500 14234
1130 -2475 14206
1128 -2451 14178
1128 -2431 14178
1126 -2407 14149
1126 -2387 14149
1124 -2363 14121
1124 -2343 14121
1121 -2319 14093
1121 -2300 14093
1121 -2280 14093
1119 -2256 14065
1117 -2232 14038
1117 -2213 14038
1115 -2189 14010
1115 -2170 14010
1115 -2150 14010
1113 -2127 13982
1113 -2108 13982
1113 -2088 13982
1113 -2069 13982
1113 -2050 13982
1110 -2026 13955
1113 -2011 13982
1113 -1992 13982
1113 -1973 13982
1113 -1953 13982
1113 -1934 13982
1113 -1915 13982
1113 -1896 13982
1115 -1880 14010
1115 -1861 14010
1117 -1845 14038
1117 -1826 14038
1117 -1806 14038
1119 -1791 14065
1121 -1775 14093
1121 -1755 14093
1121 -1736 14093
1121 -1717 14093
1121 -1697 14093
1121 -1678 14093
1121 -1659 14093
1124 -1643 14121
1124 -1623 14121
1124 -1604 14121
1126 -1588 14149
1126 -1568 14149
1126 -1549 14149
1128 -1532 14178
1128 -1513 14178
1130 -1497 14206
1133 -1480 14234
1135 -1464 14263
1135 -1444 14263
1137 -1427 14292
1139 -1411 14320
1139 -1391 14320
1142 -1374 14349
1142 -1355 14349
1142 -1335 14349
1144 -1318 14378
1144 -1299 14378
1146 -1282 14408
1149 -1265 14437
1151 -1247 14466
1153 -1230 14496
1158 -1215 14555
1179 -2582 14367
1174 -2552 14309
1170 -2522 14252
1170 -2502 14252
1167 -2478 14223
1165 -2453 14195
1163 -2429 14167
1163 -2409 14167
1160 -2385 14138
1160 -2365 14138
1158 -2341 14110
1158 -2321 14110
1156 -2297 14082
1158 -2282 14110
1156 -2258 14082
1154 -2234 14055
1154 -2215 14055
1151 -2191 14027
1149 -2168 13999
1149 -2148 13999
1147 -2125 13972
1149 -2110 13999
1147 -2086 13972
1147 -2067 13972
1147 -2048 13972
1147 -2028 13972
1147 -2009 13972
1147 -1990 13972
1147 -1971 13972
1147 -1951 13972
1147 -1932 13972
1147 -1913 13972
1147 -1894 13972
1149 -1878 13999
1149 -1859 13999
1149 -1840 13999
1149 -1820 13999
1149 -1801 13999
1151 -1785 14027
1151 -1766 14027
1156 -1754 14082
1156 -1734 14082
1156 -1715 14082
1156 -1696 14082
1158 -1680 14110
1158 -1660 14110
1158 -1641 14110
1158 -1622 14110
1158 -1602 14110
1160 -1586 14138
1163 -1570 14167
1163 -1550 14167
1163 -1531 14167
1165 -1515 14195
1165 -1495 14195
1167 -1479 14223
1170 -1462 14252
1170 -1443 14252
1172 -1426 14280
1174 -1409 14309
1174 -1390 14309
1174 -1370 14309
1174 -1351 14309
1174 -1331 14309
1177 -1314 14338
1179 -1297 14367
1179 -1278 14367
1182 -1261 14396
1184 -1244 14425
1186 -1226 14455
1191 -1212 14514
1194 -1194 14543
1217 -2585 14385
1212 -2554 14327
1207 -2525 14269
1205 -2500 14241
1202 -2475 14212
1200 -2451 14184
1197 -2426 14156
1197 -2407 14156
1195 -2382 14127
1195 -2363 14127
1195 -2343 14127
1193 -2319 14099
1193 -2299 14099
1193 -2280 14099
1190 -2256 14071
1190 -2237 14071
1188 -2213 14044
1188 -2193 14044
1186 -2170 14016
1186 -2150 14016
1183 -2127 13988
1183 -2108 13988
1183 -2088 13988
1183 -2069 13988
1183 -2050 13988
1181 -2026 13961
1181 -2007 13961
1181 -1988 13961
1181 -1969 13961
1181 -1949 13961
1181 -1930 13961
1181 -1911 13961
1181 -1892 13961
1181 -1873 13961
1181 -1853 13961
1181 -1834 13961
1181 -1815 13961
1181 -1796 13961
1181 -1777 13961
1183 -1761 13988
1190 -1752 14071
1190 -1733 14071
1190 -1713 14071
1193 -1697 14099
1193 -1678 14099
1193 -1659 14099
1193 -1639 14099
1195 -1623 14127
1195 -1604 14127
1197 -1588 14156
1197 -1568 14156
1200 -1552 14184
1200 -1532 14184
1200 -1513 14184
1202 -1497 14212
1202 -1477 14212
1205 -1461 14241
1205 -1441 14241
1205 -1422 14241
1207 -1405 14269
1209 -1388 14298
1209 -1369 14298
1209 -1349 14298
1209 -1330 14298
1212 -1313 14327
1212 -1294 14327
1214 -1277 14356
1214 -1257 14356
1217 -1240 14385
1219 -1223 14414
1224 -1208 14472
1227 -1191 14502
1229 -1173 14532
1232 -1156 14561
1249 -2557 14344
1244 -2527 14286
1244 -2507 14286
1242 -2482 14258
1237 -2453 14201
1234 -2429 14173
1234 -2409 14173
1232 -2385 14144
1230 -2360 14116
1230 -2341 14116
1227 -2317 14088
1227 -2297 14088
1227 -2278 14088
1227 -2258 14088
1225 -2234 14060
1225 -2215 14060
1222 -2191 14033
1222 -2172 14033
1222 -2152 14033
1220 -2129 14005
1220 -2110 14005
1220 -2090 14005
1220 -2071 14005
1220 -2052 14005
1220 -2032 14005
1217 -2009 13977
1217 -1990 13977
1217 -1971 13977
1215 -1948 13950
1215 -1928 13950
1213 -1905 13923
1213 -1886 13923
1213 -1867 13923
1213 -1848 13923
1213 -1829 13923
1210 -1806 13895
1210 -1787 13895
1213 -1771 13923
1213 -1752 13923
1220 -1743 14005
1225 -1731 14060
1227 -1715 14088
1227 -1696 14088
1227 -1676 14088
1227 -1657 14088
1230 -1641 14116
1232 -1625 14144
1232 -1605 14144
1232 -1586 14144
1234 -1570 14173
1237 -1553 14201
1234 -1531 14173
1237 -1515 14201
1237 -1495 14201
1237 -1476 14201
1239 -1459 14229
1239 -1440 14229
1239 -1420 14229
1242 -1404 14258
1242 -1384 14258
1242 -1365 14258
1242 -1345 14258
1242 -1326 14258
1244 -1309 14286
1244 -1290 14286
1247 -1273 14315
1247 -1253 14315
1249 -1236 14344
1254 -1222 14402
1257 -1204 14431
1260 -1187 14461
1262 -1170 14490
1262 -1150 14490
1287 -2560 14361
1282 -2530 14304
1279 -2505 14275
1277 -2480 14246
1274 -2455 14218
1272 -2431 14189
1269 -2406 14161
1267 -2382 14133
1267 -2363 14133
1264 -2338 14105
1264 -2319 14105
1264 -2299 14105
1262 -2275 14077
1262 -2256 14077
1259 -2232 14049
1259 -2213 14049
1259 -2193 14049
1259 -2174 14049
1257 -2150 14022
1257 -2131 14022
1257 -2112 14022
1257 -2092 14022
1257 -2073 14022
1257 -2054 14022
1257 -2034 14022
1254 -2011 13994
1252 -1988 13966
1252 -1969 13966
1252 -1949 13966
1249 -1926 13939
1247 -1904 13912
1244 -1881 13885
1244 -1862 13885
1242 -1839 13858
1244 -1824 13885
1242 -1801 13858
1242 -1782 13858
1242 -1763 13858
1244 -1747 13885
1249 -1735 13939
1254 -1722 13994
1259 -1710 14049
1262 -1694 14077
1264 -1678 14105
1264 -1659 14105
1264 -1639 14105
1267 -1623 14133
1269 -1607 14161
1269 -1588 14161
1272 -1571 14189
1272 -1552 14189
1272 -1532 14189
1272 -1513 14189
1272 -1494 14189
1272 -1474 14189
1274 -1458 14218
1274 -1438 14218
1274 -1419 14218
1277 -1402 14246
1277 -1383 14246
1277 -1363 14246
1277 -1344 14246
1277 -1325 14246
1277 -1305 14246
1277 -1286 14246
1279 -1269 14275
1279 -1250 14275
1284 -1235 14332
1287 -1218 14361
1287 -1198 14361
1292 -1184 14420
1295 -1166 14449
1295 -1147 14449
1322 -2537 14350
1319 -2512 14321
1317 -2487 14292
1314 -2463 14263
1306 -2428 14178
1306 -2409 14178
1304 -2384 14150
1301 -2360 14122
1301 -2341 14122
1298 -2317 14094
1298 -2297 14094
1296 -2273 14066
1296 -2254 14066
1296 -2234 14066
1296 -2215 14066
1296 -2195 14066
1293 -2172 14038
1293 -2152 14038
1293 -2133 14038
1293 -2114 14038
1293 -2094 14038
1293 -2075 14038
1293 -2056 14038
1293 -2036 14038
1291 -2013 14010
1288 -1990 13983
1288 -1971 13983
1286 -1947 13955
1283 -1925 13928
1281 -1902 13901
1278 -1879 13874
1276 -1856 13847
1273 -1834 13820
1276 -1818 13847
1276 -1799 13847
1276 -1780 13847
1276 -1761 13847
1278 -1746 13874
1278 -1727 13874
1283 -1714 13928
1291 -1705 14010
1296 -1692 14066
1298 -1676 14094
1301 -1660 14122
1301 -1641 14122
1304 -1625 14150
1306 -1608 14178
1306 -1589 14178
1306 -1570 14178
1306 -1550 14178
1306 -1531 14178
1306 -1512 14178
1306 -1492 14178
1306 -1473 14178
1309 -1456 14206
1309 -1437 14206
1309 -1418 14206
1309 -1398 14206
1309 -1379 14206
1311 -1362 14235
1311 -1343 14235
1311 -1323 14235
1311 -1304 14235
1311 -1285 14235
1311 -1265 14235
1314 -1248 14263
1317 -1231 14292
1319 -1214 14321
1322 -1197 14350
1325 -1180 14379
1327 -1163 14408
1327 -1143 14408
1357 -2515 14338
1354 -2490 14309
1352 -2465 14280
1343 -2431 14195
1343 -2411 14195
1341 -2387 14166
1335 -2358 14110
1335 -2338 14110
1335 -2319 14110
1333 -2295 14082
1333 -2275 14082
1333 -2256 14082
1330 -2232 14054
1330 -2213 14054
1333 -2198 14082
1330 -2174 14054
1330 -2154 14054
1328 -2131 14027
1330 -2116 14054
1330 -2096 14054
1330 -2077 14054
1330 -2058 14054
1330 -2038 14054
1328 -2015 14027
1322 -1988 13972
1320 -1965 13944
1317 -1942 13917
1317 -1923 13917
1312 -1896 13863
1312 -1877 13863
1310 -1854 13836
1307 -1832 13809
1307 -1813 13809
1310 -1797 13836
1310 -1778 13836
1310 -1759 13836
1312 -1744 13863
1315 -1728 13890
1317 -1712 13917
1322 -1700 13972
1328 -1687 14027
1333 -1675 14082
1335 -1659 14110
1338 -1642 14138
1341 -1626 14166
1343 -1610 14195
1341 -1587 14166
1341 -1568 14166
1341 -1549 14166
1341 -1529 14166
1343 -1513 14195
1343 -1494 14195
1341 -1471 14166
1343 -1455 14195
1343 -1435 14195
1343 -1416 14195
1343 -1397 14195
1343 -1377 14195
1343 -1358 14195
1343 -1339 14195
1343 -1319 14195
1343 -1300 14195
1343 -1281 14195
1346 -1264 14223
1349 -1247 14251
1352 -1230 14280
1354 -1213 14309
1354 -1194 14309
1357 -1176 14338
1360 -1159 14367
1363 -1142 14396
1365 -1125 14425
1365 -1105 14425
1368 -1068 14454
1371 -1051 14484
1368 -1029 14454
1371 -1011 14484
1374 -994 14513
1392 -2472 14326
1381 -2433 14211
1381 -2413 14211
1378 -2389 14183
1373 -2360 14127
1373 -2341 14127
1370 -2317 14099
1370 -2297 14099
1367 -2273 14071
1367 -2254 14071
1367 -2234 14071
1367 -2215 14071
1367 -2195 14071
1364 -2172 14043
1364 -2152 14043
1364 -2133 14043
1364 -2114 14043
1364 -2094 14043
1364 -2075 14043
1364 -2055 14043
1364 -2036 14043
1364 -2017 14043
1356 -1986 13960
1354 -1963 13933
1351 -1940 13906
1351 -1921 13906
1346 -1894 13852
1343 -1872 13825
1343 -1853 13825
1343 -1834 13825
1343 -1815 13825
1343 -1796 13825
1343 -1777 13825
1346 -1761 13852
1346 -1742 13852
1348 -1726 13879
1351 -1711 13906
1356 -1698 13960
1362 -1686 14015
1364 -1670 14043
1370 -1657 14099
1373 -1641 14127
1375 -1625 14155
1378 -1608 14183
1378 -1589 14183
1378 -1570 14183
1378 -1550 14183
1378 -1531 14183
1381 -1514 14211
1378 -1492 14183
1375 -1470 14155
1378 -1453 14183
1378 -1434 14183
1378 -1415 14183
1378 -1395 14183
1378 -1376 14183
1378 -1357 14183
1378 -1337 14183
1378 -1318 14183
1378 -1299 14183
1378 -1279 14183
1381 -1263 14211
1384 -1246 14240
1386 -1229 14268
1386 -1209 14268
1389 -1192 14297
1389 -1173 14297
1392 -1156 14326
1395 -1139 14355
1398 -1121 14384
1398 -1102 14384
1400 -1085 14413
1403 -1067 14442
1406 -1050 14471
1406 -1030 14471
1406 -1010 14471
1409 -993 14501
1421 -2440 14256
1418 -2416 14228
1413 -2387 14171
1410 -2362 14143
1407 -2338 14115
1404 -2314 14087
1404 -2295 14087
1404 -2275 14087
1401 -2251 14059
1401 -2232 14059
1401 -2213 14059
1401 -2193 14059
1401 -2174 14059
1399 -2150 14031
1399 -2131 14031
1399 -2111 14031
1399 -2092 14031
1399 -2073 14031
1399 -2053 14031
1401 -2038 14059
1401 -2019 14059
1396 -1992 14004
1396 -1972 14004
1390 -1945 13949
1388 -1923 13922
1385 -1900 13894
1385 -1881 13894
1382 -1858 13867
1380 -1835 13840
1382 -1820 13867
1380 -1797 13840
1380 -1778 13840
1380 -1759 13840
1382 -1744 13867
1385 -1728 13894
1388 -1712 13922
1390 -1696 13949
1393 -1681 13976
1399 -1668 14031
1404 -1655 14087
1407 -1639 14115
1410 -1623 14143
1413 -1607 14171
1413 -1587 14171
1413 -1568 14171
1413 -1549 14171
1413 -1529 14171
1413 -1510 14171
1413 -1491 14171
1413 -1471 14171
1413 -1452 14171
1413 -1433 14171
1410 -1410 14143
1410 -1391 14143
1410 -1372 14143
1410 -1353 14143
1413 -1336 14171
1413 -1317 14171
1413 -1297 14171
1413 -1278 14171
1415 -1261 14199
1418 -1244 14228
1418 -1225 14228
1421 -1208 14256
1421 -1189 14256
1424 -1172 14285
1424 -1152 14285
1427 -1135 14313
1430 -1118 14342
1433 -1101 14371
1433 -1081 14371
1435 -1064 14400
1438 -1046 14430
1441 -1029 14459
1441 -1009 14459
1441 -990 14459
1450 -2389 14187
1447 -2365 14159
1444 -2341 14131
1441 -2316 14103
1441 -2297 14103
1438 -2273 14075
1438 -2254 14075
1436 -2230 14047
1436 -2210 14047
1436 -2191 14047
1436 -2172 14047
1436 -2152 14047
1433 -2129 14020
1433 -2109 14020
1433 -2090 14020
1436 -2075 14047
1436 -2055 14047
1436 -2036 14047
1436 -2017 14047
1436 -1997 14047
1433 -1974 14020
1430 -1951 13992
1430 -1932 13992
1430 -1913 13992
1427 -1890 13965
1424 -1867 13937
1422 -1844 13910
1424 -1829 13937
1416 -1799 13856
1416 -1780 13856
1416 -1761 13856
1419 -1745 13883
1419 -1726 13883
1424 -1714 13937
1424 -1695 13937
1427 -1679 13965
1433 -1666 14020
1438 -1654 14075
1441 -1637 14103
1444 -1621 14131
1447 -1605 14159
1447 -1586 14159
1447 -1566 14159
1447 -1547 14159
1447 -1528 14159
1447 -1508 14159
1447 -1489 14159
1447 -1470 14159
1447 -1450 14159
1447 -1431 14159
1444 -1409 14131
1444 -1390 14131
1444 -1371 14131
1444 -1351 14131
1444 -1332 14131
1444 -1313 14131
1447 -1296 14159
1447 -1277 14159
1450 -1260 14187
1453 -1243 14216
1453 -1224 14216
1453 -1205 14216
1456 -1188 14244
1456 -1168 14244
1459 -1151 14273
1462 -1134 14301
1462 -1115 14301
1465 -1097 14330
1467 -1080 14359
1470 -1063 14388
1473 -1045 14417
1473 -1026 14417
1476 -1008 14446
1476 -989 14446
1479 -2338 14119
1479 -2319 14119
1476 -2295 14091
1476 -2275 14091
1473 -2251 14063
1473 -2232 14063
1470 -2208 14035
1470 -2189 14035
1470 -2169 14035
1470 -2150 14035
1470 -2131 14035
1470 -2111 14035
1470 -2092 14035
1470 -2073 14035
1470 -2053 14035
1473 -2038 14063
1470 -2015 14035
1470 -1995 14035
1473 -1980 14063
1470 -1957 14035
1470 -1937 14035
1470 -1918 14035
1467 -1895 14008
1467 -1876 14008
1464 -1853 13980
1464 -1834 13980
1458 -1808 13926
1458 -1789 13926
1455 -1766 13898
1458 -1750 13926
1458 -1731 13926
1461 -1715 13953
1461 -1696 13953
1464 -1681 13980
1467 -1665 14008
1470 -1649 14035
1476 -1636 14091
1479 -1620 14119
1479 -1600 14119
1479 -1581 14119
1481 -1565 14147
1479 -1543 14119
1479 -1523 14119
1479 -1504 14119
1479 -1485 14119
1479 -1465 14119
1479 -1446 14119
1479 -1427 14119
1479 -1408 14119
1479 -1388 14119
1476 -1366 14091
1476 -1347 14091
1479 -1331 14119
1481 -1314 14147
1481 -1295 14147
1481 -1276 14147
1484 -1259 14175
1487 -1242 14203
1487 -1223 14203
1490 -1206 14232
1490 -1186 14232
1490 -1167 14232
1493 -1150 14260
1496 -1133 14289
1496 -1114 14289
1499 -1096 14318
1502 -1079 14347
1505 -1062 14375
1505 -1042 14375
1508 -1025 14405
1511 -1007 14434
1511 -988 14434
1519 -2345 14163
1516 -2321 14135
1513 -2297 14107
1510 -2273 14079
1510 -2253 14079
1510 -2234 14079
1507 -2210 14051
1507 -2191 14051
1507 -2171 14051
1507 -2152 14051
1507 -2133 14051
1507 -2113 14051
1507 -2094 14051
1507 -2075 14051
1507 -2055 14051
1507 -2036 14051
1507 -2017 14051
1507 -1997 14051
1507 -1978 14051
1507 -1959 14051
1507 -1939 14051
1510 -1924 14079
1507 -1901 14051
1510 -1885 14079
1507 -1862 14051
1507 -1843 14051
1504 -1820 14024
1501 -1797 13996
1498 -1775 13969
1498 -1755 13969
1498 -1736 13969
1498 -1717 13969
1498 -1698 13969
1501 -1682 13996
1501 -1663 13996
1504 -1647 14024
1507 -1631 14051
1510 -1615 14079
1510 -1596 14079
1513 -1580 14107
1513 -1560 14107
1513 -1541 14107
1513 -1522 14107
1513 -1502 14107
1513 -1483 14107
1513 -1464 14107
1513 -1445 14107
1513 -1425 14107
1513 -1406 14107
1513 -1387 14107
1510 -1365 14079
1510 -1346 14079
1513 -1329 14107
1516 -1313 14135
1516 -1293 14135
1516 -1274 14135
1519 -1258 14163
1522 -1241 14191
1522 -1221 14191
1525 -1205 14220
1525 -1185 14220
1525 -1166 14220
1528 -1149 14248
1528 -1130 14248
1531 -1112 14277
1534 -1095 14305
1534 -1076 14305
1537 -1059 14334
1540 -1041 14363
1543 -1024 14392
1547 -1006 14421
1547 -987 14421
1553 -2323 14151
1550 -2299 14123
1550 -2279 14123
1547 -2256 14095
1547 -2236 14095
1544 -2212 14067
1544 -2193 14067
1544 -2173 14067
1544 -2154 14067
1544 -2135 14067
1544 -2115 14067
1544 -2096 14067
1544 -2077 14067
1544 -2057 14067
1547 -2042 14095
1544 -2018 14067
1547 -2003 14095
1547 -1984 14095
1547 -1964 14095
1547 -1945 14095
1550 -1929 14123
1547 -1906 14095
1553 -1894 14151
1550 -1871 14123
1550 -1852 14123
1547 -1829 14095
1544 -1806 14067
1541 -1783 14039
1544 -1767 14067
1538 -1741 14011
1538 -1722 14011
1535 -1700 13984
1538 -1684 14011
1538 -1664 14011
1541 -1649 14039
1544 -1633 14067
1544 -1613 14067
1544 -1594 14067
1547 -1578 14095
1547 -1559 14095
1547 -1539 14095
1547 -1520 14095
1547 -1501 14095
1547 -1482 14095
1547 -1462 14095
1547 -1443 14095
1547 -1424 14095
1547 -1405 14095
1547 -1386 14095
1547 -1366 14095
1547 -1347 14095
1547 -1328 14095
1550 -1311 14123
1550 -1292 14123
1550 -1273 14123
1553 -1256 14151
1556 -1239 14179
1556 -1220 14179
1559 -1203 14207
1559 -1184 14207
1559 -1165 14207
1563 -1148 14235
1563 -1128 14235
1566 -1111 14264
1569 -1094 14293
1569 -1075 14293
1572 -1057 14321
1575 -1040 14350
1578 -1023 14379
1581 -1005 14408
1581 -986 14408
1594 -2330 14195
1594 -2310 14195
1591 -2286 14166
1584 -2258 14110
1584 -2238 14110
1581 -2214 14082
1581 -2195 14082
1581 -2176 14082
1581 -2156 14082
1581 -2137 14082
1581 -2117 14082
1581 -2098 14082
1581 -2078 14082
1581 -2059 14082
1584 -2044 14110
1581 -2020 14082
1584 -2005 14110
1584 -1985 14110
1584 -1966 14110
1584 -1947 14110
1584 -1927 14110
1584 -1908 14110
1588 -1892 14138
1588 -1873 14138
1588 -1853 14138
1588 -1834 14138
1588 -1815 14138
1588 -1795 14138
1584 -1772 14110
1578 -1746 14055
1575 -1724 14027
1575 -1704 14027
1575 -1685 14027
1575 -1666 14027
1575 -1647 14027
1578 -1631 14055
1578 -1612 14055
1578 -1592 14055
1581 -1576 14082
1581 -1557 14082
1581 -1538 14082
1581 -1519 14082
1581 -1499 14082
1581 -1480 14082
1581 -1461 14082
1581 -1442 14082
1581 -1423 14082
1581 -1403 14082
1581 -1384 14082
1581 -1365 14082
1581 -1346 14082
1584 -1329 14110
1584 -1310 14110
1584 -1291 14110
1588 -1274 14138
1588 -1255 14138
1591 -1238 14166
1591 -1219 14166
1594 -1202 14195
1594 -1183 14195
1594 -1164 14195
1597 -1147 14223
1597 -1127 14223
1600 -1110 14251
1603 -1093 14280
1603 -1074 14280
1607 -1056 14309
1610 -1039 14337
1613 -1022 14366
1616 -1004 14395
1616 -985 14395
1635 -2317 14239
1631 -2293 14210
1625 -2264 14154
1625 -2245 14154
1625 -2225 14154
1622 -2201 14126
1622 -2182 14126
1619 -2158 14098
1619 -2139 14098
1619 -2119 14098
1619 -2100 14098
1619 -2080 14098
1622 -2065 14126
1622 -2046 14126
1622 -2026 14126
1622 -2007 14126
1619 -1983 14098
1622 -1968 14126
1622 -1949 14126
1622 -1929 14126
1622 -1910 14126
1622 -1890 14126
1622 -1871 14126
1625 -1855 14154
1625 -1836 14154
1625 -1816 14154
1625 -1797 14154
1622 -1774 14126
1619 -1751 14098
1615 -1729 14070
1612 -1706 14042
1612 -1687 14042
1609 -1664 14015
1609 -1645 14015
1612 -1629 14042
1612 -1610 14042
1612 -1591 14042
1615 -1575 14070
1615 -1555 14070
1615 -1536 14070
1615 -1517 14070
1615 -1498 14070
1615 -1479 14070
1615 -1459 14070
1615 -1440 14070
1615 -1421 14070
1615 -1402 14070
1615 -1383 14070
1615 -1364 14070
1615 -1344 14070
1619 -1328 14098
1619 -1309 14098
1622 -1292 14126
1622 -1273 14126
1622 -1254 14126
1625 -1237 14154
1625 -1218 14154
1628 -1201 14182
1628 -1182 14182
1628 -1162 14182
1631 -1145 14210
1631 -1126 14210
1635 -1109 14239
1635 -1090 14239
1638 -1073 14267
1641 -1055 14296
1645 -1038 14324
1648 -1021 14353
1651 -1003 14382
1645 -980 14324
1679 -2309 14311
1669 -2275 14226
1669 -2256 14226
1666 -2232 14197
1663 -2208 14169
1663 -2188 14169
1659 -2164 14141
1659 -2145 14141
1659 -2125 14141
1659 -2106 14141
1659 -2086 14141
1659 -2067 14141
1659 -2048 14141
1659 -2028 14141
1659 -2009 14141
1656 -1985 14113
1656 -1966 14113
1656 -1947 14113
1656 -1927 14113
1656 -1908 14113
1656 -1888 14113
1656 -1869 14113
1659 -1853 14141
1659 -1834 14141
1659 -1815 14141
1659 -1795 14141
1656 -1772 14113
1656 -1753 14113
1653 -1730 14085
1649 -1708 14057
1649 -1688 14057
1646 -1666 14030
1646 -1647 14030
1646 -1628 14030
1646 -1608 14030
1646 -1589 14030
1649 -1573 14057
1649 -1554 14057
1649 -1535 14057
1649 -1516 14057
1649 -1496 14057
1649 -1477 14057
1649 -1458 14057
1649 -1439 14057
1649 -1420 14057
1649 -1401 14057
1649 -1381 14057
1649 -1362 14057
1653 -1346 14085
1653 -1327 14085
1653 -1307 14085
1656 -1291 14113
1656 -1272 14113
1656 -1252 14113
1659 -1236 14141
1659 -1216 14141
1659 -1197 14141
1663 -1180 14169
1663 -1161 14169
1666 -1144 14197
1666 -1125 14197
1666 -1106 14197
1669 -1089 14226
1672 -1071 14254
1676 -1054 14283
1676 -1035 14283
1683 -1020 14340
1683 -1000 14340
1683 -981 14340
1710 -2243 14270
1707 -2219 14241
1704 -2195 14213
1704 -2175 14213
1700 -2151 14185
1700 -2132 14185
1700 -2112 14185
1700 -2093 14185
1700 -2073 14185
1697 -2049 14156
1697 -2030 14156
1693 -2007 14128
1693 -1987 14128
1693 -1968 14128
1693 -1948 14128
1690 -1925 14100
1693 -1910 14128
1690 -1886 14100
1690 -1867 14100
1693 -1851 14128
1693 -1832 14128
1693 -1813 14128
1693 -1793 14128
1690 -1770 14100
1687 -1748 14073
1687 -1728 14073
1683 -1706 14045
1683 -1687 14045
1680 -1664 14017
1680 -1645 14017
1680 -1626 14017
1680 -1607 14017
1680 -1588 14017
1683 -1571 14045
1683 -1552 14045
1683 -1533 14045
1683 -1514 14045
1683 -1495 14045
1683 -1476 14045
1683 -1456 14045
1683 -1437 14045
1683 -1418 14045
1683 -1399 14045
1687 -1383 14073
1687 -1363 14073
1687 -1344 14073
1687 -1325 14073
1687 -1306 14073
1690 -1289 14100
1690 -1270 14100
1690 -1251 14100
1693 -1234 14128
1693 -1215 14128
1693 -1196 14128
1697 -1179 14156
1697 -1160 14156
1700 -1143 14185
1700 -1124 14185
1700 -1105 14185
1704 -1087 14213
1707 -1070 14241
1710 -1053 14270
1710 -1034 14270
1714 -1016 14298
1717 -999 14327
1748 -2245 14285
1752 -2230 14314
1748 -2205 14285
1745 -2181 14257
1741 -2157 14228
1745 -2142 14257
1741 -2118 14228
1741 -2099 14228
1738 -2075 14200
1734 -2051 14172
1734 -2032 14172
1731 -2008 14143
1731 -1989 14143
1731 -1970 14143
1728 -1946 14115
1728 -1927 14115
1728 -1908 14115
1731 -1892 14143
1728 -1869 14115
1728 -1850 14115
1728 -1830 14115
1724 -1807 14088
1724 -1788 14088
1724 -1769 14088
1724 -1749 14088
1721 -1727 14060
1717 -1704 14032
1717 -1685 14032
1717 -1666 14032
1714 -1643 14005
1714 -1624 14005
1717 -1608 14032
1714 -1586 14005
1717 -1570 14032
1717 -1551 14032
1717 -1532 14032
1717 -1512 14032
1717 -1493 14032
1717 -1474 14032
1717 -1455 14032
1717 -1436 14032
1717 -1417 14032
1717 -1398 14032
1721 -1381 14060
1721 -1362 14060
1721 -1343 14060
1721 -1324 14060
1724 -1307 14088
1724 -1288 14088
1724 -1269 14088
1728 -1252 14115
1728 -1233 14115
1728 -1214 14115
1731 -1197 14143
1731 -1178 14143
1731 -1159 14143
1734 -1142 14172
1734 -1123 14172
1738 -1106 14200
1738 -1086 14200
1741 -1069 14228
1745 -1052 14257
1745 -1033 14257
1748 -1015 14285
1755 -1000 14343
1779 -2101 14243
1779 -2081 14243
1776 -2057 14215
1772 -2034 14187
1769 -2010 14159
1769 -1991 14159
1769 -1971 14159
1765 -1948 14130
1765 -1929 14130
1765 -1909 14130
1765 -1890 14130
1762 -1867 14103
1762 -1848 14103
1762 -1828 14103
1758 -1805 14075
1758 -1786 14075
1758 -1767 14075
1758 -1748 14075
1755 -1725 14047
1755 -1706 14047
1751 -1683 14019
1751 -1664 14019
1751 -1645 14019
1751 -1626 14019
1751 -1607 14019
1751 -1587 14019
1751 -1568 14019
1751 -1549 14019
1755 -1533 14047
1751 -1511 14019
1755 -1495 14047
1755 -1475 14047
1755 -1456 14047
1755 -1437 14047
1755 -1418 14047
1755 -1399 14047
1755 -1380 14047
1758 -1363 14075
1758 -1344 14075
1758 -1325 14075
1758 -1306 14075
1762 -1289 14103
1762 -1270 14103
1762 -1251 14103
1762 -1232 14103
1762 -1213 14103
1765 -1196 14130
1765 -1177 14130
1765 -1158 14130
1769 -1141 14159
1769 -1121 14159
1772 -1104 14187
1772 -1085 14187
1776 -1068 14215
1779 -1051 14243
1783 -1034 14272
1786 -1016 14300
1790 -999 14329
1810 -2055 14202
1806 -2032 14173
1806 -2012 14173
1806 -1993 14173
1803 -1969 14145
1799 -1946 14117
1799 -1927 14117
1799 -1907 14117
1799 -1888 14117
1796 -1865 14089
1796 -1846 14089
1796 -1826 14089
1792 -1804 14062
1792 -1784 14062
1792 -1765 14062
1792 -1746 14062
1789 -1723 14034
1789 -1704 14034
1789 -1685 14034
1789 -1666 14034
1789 -1646 14034
1789 -1627 14034
1789 -1608 14034
1789 -1589 14034
1789 -1570 14034
1789 -1551 14034
1789 -1531 14034
1789 -1512 14034
1789 -1493 14034
1789 -1474 14034
1789 -1455 14034
1792 -1439 14062
1792 -1419 14062
1792 -1400 14062
1792 -1381 14062
1792 -1362 14062
1792 -1343 14062
1792 -1324 14062
1792 -1305 14062
1796 -1288 14089
1796 -1269 14089
1796 -1250 14089
1799 -1233 14117
1799 -1214 14117
1799 -1195 14117
1799 -1175 14117
1803 -1159 14145
1803 -1139 14145
1806 -1122 14173
1806 -1103 14173
1810 -1086 14202
1813 -1069 14230
1817 -1052 14258
1821 -1035 14287
1821 -1015 14287
1844 -2034 14188
1844 -2014 14188
1844 -1995 14188
1840 -1971 14160
1837 -1948 14132
1837 -1929 14132
1833 -1905 14104
1833 -1886 14104
1829 -1863 14076
1829 -1844 14076
1829 -1825 14076
1826 -1802 14049
1826 -1782 14049
1826 -1763 14049
1826 -1744 14049
1826 -1725 14049
1822 -1702 14021
1822 -1683 14021
1822 -1664 14021
1822 -1645 14021
1822 -1626 14021
1822 -1606 14021
1822 -1587 14021
1822 -1568 14021
1822 -1549 14021
1826 -1533 14049
1822 -1511 14021
1826 -1494 14049
1826 -1475 14049
1826 -1456 14049
1826 -1437 14049
1826 -1418 14049
1826 -1399 14049
1826 -1380 14049
1829 -1363 14076
1829 -1344 14076
1829 -1325 14076
1829 -1306 14076
1833 -1289 14104
1833 -1270 14104
1833 -1251 14104
1833 -1232 14104
1833 -1213 14104
1837 -1196 14132
1837 -1177 14132
1837 -1157 14132
1840 -1141 14160
1840 -1121 14160
1844 -1104 14188
1848 -1087 14217
1848 -1068 14217
1855 -1053 14273
1859 -1036 14302
1882 -2016 14203
1878 -1993 14175
1871 -1965 14119
1871 -1946 14119
1867 -1923 14091
1867 -1903 14091
1867 -1884 14091
1863 -1861 14063
1863 -1842 14063
1863 -1823 14063
1860 -1800 14035
1863 -1784 14063
1863 -1765 14063
1860 -1742 14035
1860 -1723 14035
1860 -1704 14035
1860 -1685 14035
1860 -1665 14035
1860 -1646 14035
1860 -1627 14035
1860 -1608 14035
1860 -1589 14035
1860 -1570 14035
1860 -1550 14035
1860 -1531 14035
1860 -1512 14035
1860 -1493 14035
1860 -1474 14035
1860 -1455 14035
1863 -1438 14063
1863 -1419 14063
1863 -1400 14063
1863 -1381 14063
1863 -1362 14063
1863 -1343 14063
1863 -1324 14063
1863 -1304 14063
1867 -1288 14091
1867 -1269 14091
1867 -1250 14091
1867 -1230 14091
1871 -1214 14119
1871 -1195 14119
1871 -1175 14119
1874 -1158 14147
1874 -1139 14147
1878 -1122 14175
1882 -1105 14203
1886 -1088 14231
1886 -1069 14231
1893 -1054 14288
1908 -1928 14133
1908 -1909 14133
1905 -1886 14105
1901 -1863 14077
1901 -1844 14077
1901 -1824 14077
1897 -1801 14050
1901 -1786 14077
1901 -1766 14077
1897 -1744 14050
1897 -1725 14050
1897 -1705 14050
1897 -1686 14050
1897 -1667 14050
1897 -1648 14050
1897 -1629 14050
1897 -1609 14050
1897 -1590 14050
1897 -1571 14050
1897 -1552 14050
1897 -1533 14050
1897 -1513 14050
1897 -1494 14050
1897 -1475 14050
1897 -1456 14050
1897 -1437 14050
1897 -1418 14050
1897 -1399 14050
1897 -1379 14050
1897 -1360 14050
1897 -1341 14050
1897 -1322 14050
1901 -1306 14077
1901 -1286 14077
1901 -1267 14077
1901 -1248 14077
1905 -1232 14105
1905 -1212 14105
1905 -1193 14105
1908 -1176 14133
1908 -1157 14133
1912 -1140 14161
1916 -1123 14189
1916 -1104 14189
1924 -1089 14246
1924 -1070 14246
1927 -1053 14274
1950 -1934 14176
1946 -1911 14148
1946 -1891 14148
1942 -1868 14120
1942 -1849 14120
1939 -1826 14092
1939 -1807 14092
1939 -1787 14092
1939 -1768 14092
1935 -1745 14064
1935 -1726 14064
1935 -1707 14064
1935 -1688 14064
1935 -1668 14064
1935 -1649 14064
1935 -1630 14064
1935 -1611 14064
1931 -1588 14036
1935 -1572 14064
1935 -1553 14064
1935 -1534 14064
1935 -1515 14064
1935 -1496 14064
1935 -1477 14064
1931 -1454 14036
1931 -1435 14036
1935 -1419 14064
1935 -1400 14064
1935 -1381 14064
1935 -1362 14064
1935 -1342 14064
1935 -1323 14064
1935 -1304 14064
1935 -1285 14064
1939 -1269 14092
1939 -1249 14092
1942 -1233 14120
1942 -1214 14120
1942 -1194 14120
1946 -1178 14148
1946 -1158 14148
1950 -1141 14176
1954 -1124 14204
1954 -1105 14204
1958 -1088 14232
1958 -1069 14232
1988 -1897 14190
1980 -1870 14134
1980 -1851 14134
1980 -1831 14134
1980 -1812 14134
1976 -1789 14106
1976 -1770 14106
1972 -1747 14078
1972 -1728 14078
1972 -1708 14078
1972 -1689 14078
1972 -1670 14078
1972 -1651 14078
1972 -1631 14078
1972 -1612 14078
1968 -1590 14050
1972 -1574 14078
1972 -1555 14078
1972 -1535 14078
1968 -1513 14050
1968 -1494 14050
1968 -1475 14050
1968 -1456 14050
1968 -1437 14050
1968 -1418 14050
1968 -1398 14050
1972 -1382 14078
1972 -1363 14078
1972 -1344 14078
1972 -1325 14078
1972 -1305 14078
1972 -1286 14078
1976 -1270 14106
1976 -1251 14106
1980 -1234 14134
1980 -1215 14134
1980 -1195 14134
1984 -1179 14162
1988 -1162 14190
1988 -1142 14190
1992 -1125 14218
2022 -1875 14176
2022 -1856 14176
2022 -1837 14176
2018 -1814 14148
2018 -1794 14148
2018 -1775 14148
2014 -1752 14120
2014 -1733 14120
2014 -1713 14120
2010 -1691 14092
2010 -1671 14092
2010 -1652 14092
2010 -1633 14092
2010 -1614 14092
2006 -1591 14064
2010 -1575 14092
2006 -1553 14064
2006 -1534 14064
2006 -1515 14064
2006 -1495 14064
2006 -1476 14064
2006 -1457 14064
2006 -1438 14064
2006 -1419 14064
2006 -1400 14064
2010 -1383 14092
2010 -1364 14092
2010 -1345 14092
2010 -1326 14092
2010 -1307 14092
2010 -1288 14092
2014 -1271 14120
2014 -1252 14120
2014 -1233 14120
2018 -1216 14148
2018 -1197 14148
2022 -1180 14176
2026 -1163 14204
2030 -1146 14232
2030 -1127 14232
2060 -1838 14190
2060 -1819 14190
2056 -1796 14162
2056 -1776 14162
2056 -1757 14162
2052 -1734 14134
2052 -1715 14134
2048 -1692 14106
2048 -1673 14106
2048 -1654 14106
2048 -1634 14106
2048 -1615 14106
2048 -1596 14106
2048 -1577 14106
2044 -1554 14078
2044 -1535 14078
2044 -1516 14078
2044 -1497 14078
2044 -1478 14078
2044 -1458 14078
2044 -1439 14078
2044 -1420 14078
2044 -1401 14078
2048 -1385 14106
2048 -1365 14106
2048 -1346 14106
2048 -1327 14106
2048 -1308 14106
2048 -1289 14106
2052 -1272 14134
2052 -1253 14134
2052 -1234 14134
2056 -1217 14162
2056 -1198 14162
2060 -1181 14190
2064 -1164 14218
2064 -1145 14218
2102 -1844 14232
2102 -1824 14232
2094 -1797 14176
2098 -1782 14204
2094 -1759 14176
2090 -1736 14148
2090 -1717 14148
2090 -1697 14148
2086 -1675 14120
2086 -1655 14120
2086 -1636 14120
2086 -1617 14120
2086 -1597 14120
2086 -1578 14120
2081 -1556 14092
2081 -1537 14092
2081 -1517 14092
2081 -1498 14092
2081 -1479 14092
2081 -1460 14092
2081 -1441 14092
2081 -1421 14092
2081 -1402 14092
2081 -1383 14092
2086 -1367 14120
2086 -1347 14120
2086 -1328 14120
2086 -1309 14120
2086 -1290 14120
2090 -1273 14148
2090 -1254 14148
2090 -1235 14148
2094 -1218 14176
2094 -1199 14176
2094 -1180 14176
2136 -1803 14218
2140 -1787 14246
2136 -1764 14218
2136 -1744 14218
2128 -1718 14161
2132 -1702 14190
2128 -1679 14161
2128 -1660 14161
2123 -1637 14133
2123 -1618 14133
2123 -1599 14133
2123 -1580 14133
2119 -1557 14106
2119 -1538 14106
2119 -1519 14106
2119 -1500 14106
2119 -1480 14106
2119 -1461 14106
2119 -1442 14106
2119 -1423 14106
2119 -1404 14106
2123 -1387 14133
2123 -1368 14133
2123 -1349 14133
2123 -1329 14133
2123 -1310 14133
2128 -1294 14161
2128 -1274 14161
2174 -1707 14231
2166 -1681 14175
2166 -1662 14175
2161 -1639 14147
2161 -1620 14147
2161 -1600 14147
2161 -1581 14147
2161 -1562 14147
2157 -1539 14119
2157 -1520 14119
2157 -1501 14119
2161 -1485 14147
2161 -1465 14147
2157 -1443 14119
2161 -1427 14147
2161 -1408 14147
2161 -1388 14147
2161 -1369 14147
2166 -1353 14175
